000082
000100
000101
000059
000072
000089
000121
000070
000024
000109
000076
000036
000120
000025
000116
000019
000124
000098
000030
000001
000127
000118
000014
000129
000055
000006
000041
000049
000031
000091
000068
000069
000042
000016
000033
000037
000018
000003
000023
000012
000026
000078
000002
000102
000047
000087
000044
000105
000122
000079
000106
000062
000057
000083
000066
000029
000081
000075
000084
000007
000061
000048
000011
000063
000094
000080
000010
000004
000077
000053
000117
000064
000108
000125
000071
000093
000043
000090
000039
000123
000073
000096
000040
000045
000056
000051
000038
000027
000097
000005
000052
000020
000112
000035
000022
000095
000088
000086
000131
000013
000021
000034
000046
000130
000107
000114
000074
000128
000099
000032
000060
000058
000092
000119
000017
000054
000050
000000
000115
